x=[120 160 120 160 120 160 120 160 140 140 140 140;40 40 80 80 40 40 80 80 60 60 60 60;15 15 15 15 30 30 30 30 22.5 22.5 22.5 22.5];
y=[32 46 57 65 36 48 57 68 50 44 53 46];